fy <- c(2010,2011,2012,2010,2011,2012,2010,2011,2012)
# Creating vector fy for storing data 
company <- c("Apple","Apple","Apple","Google","Google","Google","Microsoft","Microsoft","Microsoft")
# Creating vector company for storing data
revenue <- c(65225,108249,156508,29321,37905,50175,62484,69943,73723)
# Creating vector revenue for storing data
profit <- c(14013,25922,41733,8505,9737,10737,18760,23150,16978)
# Creating vector profit for storing data
companiesData <- data.frame(fy,company,revenue,profit)
# Creating dataframe companiesData
companiesData
# Printing rows and columns stored in dataframe companiesData